vid1
Total Elapsed Time(s):	57.631989
Image No	Compactness
0	35.654596
1	32.796123
2	30.492807
3	25.603604
4	29.008989
5	32.411457
6	33.656958
7	36.907808
8	37.186813
9	39.164690
10	42.898989
11	51.684377
12	58.397000
13	61.352978
14	50.692348
15	46.136773
16	39.254295
17	36.435741
18	30.248783
19	27.420511
20	26.333286
21	29.139943
22	29.520000
23	26.059184
24	25.623597
25	27.506069
26	27.404124
27	28.907104
28	32.180859
29	27.622587
30	30.727024
31	30.050333
32	28.790586
33	29.670069
34	28.213840
35	28.249731
36	31.302010
37	43.296081
38	48.152328
39	50.124602
40	37.839477
41	40.049418
42	55.061964
43	43.353060
44	44.084954
45	39.037904
46	37.153137
47	37.314373
48	34.975207
49	26.743569
50	24.715810
51	25.885632
52	25.262467
53	32.529264
54	38.954136
55	38.980733
56	49.892749
57	48.346885
58	48.381710
59	41.559402
60	40.836810
61	37.468678
62	35.372576
63	26.378250
64	23.564016
65	23.773461
66	25.935484
67	25.921357
68	24.607813
69	24.488522
70	26.484830
71	25.156661
72	24.854054
73	24.931261
74	25.606886
75	25.672155
76	25.990076
77	25.113797
78	29.258944
79	30.960021
80	31.966736
81	36.827368
82	34.371870
83	34.439462
84	37.451525
85	35.782131
86	29.036242
87	26.644463
88	27.906563
89	30.751381
90	34.576742
91	41.110660
92	44.969669
93	36.366582
94	36.712820
95	37.527352
96	35.532771
97	30.351280
98	27.432138
99	28.986765
100	33.615705
101	38.499700
102	51.216931
103	44.771300
104	41.528117
105	35.881787
106	44.058685
107	39.315251
108	31.358628
109	30.680006
110	31.172760
111	50.309264
112	41.840720
113	42.965022
114	34.778360
115	42.873621
116	61.429412
117	64.869523
118	70.415806
119	70.382766
120	70.717493
121	52.882031
122	44.748026
123	41.915913
124	33.999667
125	24.240671
126	24.453376
127	26.223389
128	26.304302
129	26.921228
130	23.990696
131	23.844073
132	29.625200
133	27.188656
134	28.856963
135	26.468156
136	30.698303
137	28.050554
138	27.088992
139	22.890740
140	23.460242
141	23.621680
142	23.957626
143	25.433576
144	25.848178
145	37.656467
146	36.887065
147	36.791370
148	38.337910
149	39.306043
150	37.666223
151	37.965261
152	41.524238
153	40.937269
154	35.291667
155	23.973826
156	24.357202
157	22.960604
158	24.096597
159	24.852792
160	28.873288
161	39.520677
162	40.713755
163	42.996542
164	43.102564
165	38.454073
166	41.659232
167	41.772200
168	32.156219
169	27.033121
170	23.808739
171	25.051190
172	26.072843
173	24.876696
174	24.244898
175	26.221645
176	25.781502
177	24.938427
178	27.609812
179	35.605062
180	32.474703
181	27.368740
182	26.862505
183	26.490345
184	31.348680
185	34.478949
186	38.630631
187	40.061390
188	42.194805
189	40.494800
190	43.386014
191	39.465945
192	28.608913
193	25.989171
194	24.774338
195	25.875000
196	27.060535
197	24.235080
198	32.929827
199	41.110897
200	38.668020
201	39.041689
202	40.969263
203	41.640279
204	38.809796
205	31.878396
206	24.768536
207	24.275513
208	23.310345
209	23.412362
210	25.723530
211	31.140355
212	34.622868
213	40.565998
214	42.617397
215	44.790178
216	41.580786
217	41.707498
218	42.599333
219	38.287567
220	30.469224
221	24.711617
222	23.465309
223	23.530322
224	26.767642
225	30.922024
226	33.502809
227	32.954012
228	37.924533
229	35.075994
230	33.879772
231	35.691988
232	41.349784
233	28.355803
234	22.547144
235	22.214613
236	23.438269
237	26.683248
238	27.848101
239	30.033934
240	31.067599
241	36.437930
242	44.362390
243	36.761184
244	39.303076
245	41.514363
246	37.633229
247	30.289356
248	25.616394
249	24.661996
250	25.082301
251	26.695798
252	31.456621
253	34.603690
254	36.367669
255	43.001445
256	40.634440
257	41.938567
258	40.958920
259	40.769816
260	38.632341
261	31.926111
262	24.501891
263	24.780519
264	23.998725
265	25.575795
266	26.082291
267	27.178635
268	28.764488
269	29.437988
270	29.394235
271	28.872580
272	25.168438
273	24.488522
274	25.485143
275	28.418034
276	28.721883
277	35.158537
278	34.146066
279	35.492078
280	36.144356
281	35.451670
282	40.551957
283	38.853049
284	34.096940
285	29.103448
286	24.941021
287	23.517703
288	25.000000
289	25.024967
290	29.541164
291	33.190726
292	34.938893
293	33.391220
294	33.148808
295	32.362852
296	35.280790
297	38.526958
298	28.415042
299	25.622700
300	24.994853
301	25.200819
302	26.204724
303	29.880545
304	31.189136
305	40.234758
306	43.885527
307	41.788820
308	39.235280
309	39.332270
310	38.419817
311	39.716777
312	36.363862
313	32.709847
314	26.232834
315	23.887251
316	24.386724
317	24.419695
318	25.941538
319	29.344058
320	31.524346
321	33.262207
322	34.281008
323	32.575491
324	32.529468
325	32.951339
326	37.710214
327	38.485644
328	37.629414
329	30.365307
330	24.221563
331	23.888289
332	24.033206
333	23.995003
334	24.919760
335	27.155768
336	28.667459
337	33.542145
338	26.429131
339	24.883587
340	25.444206
341	24.423597
342	25.370118
343	26.804437
344	26.426662
345	27.937098
346	31.570889
347	32.436400
348	30.924781
349	32.249306
350	38.208626
351	39.643347
352	37.366872
353	32.915363
354	30.666878
355	25.898077
356	23.796667
357	22.793050
358	23.266134
359	22.277732
360	29.227451
361	30.042134
362	31.667190
363	25.766444
364	28.493641
365	27.181131
366	31.262305
367	31.403082
368	29.104360
369	27.240468
370	26.711933
371	27.111437
372	24.892800
373	24.213390
374	25.572085
375	29.652369
376	30.461952
377	27.949311
378	24.337952
379	26.938637
380	31.503658
381	32.541717
382	33.572042
383	28.047368
384	27.235233
385	26.844136
386	26.772301
387	31.825205
388	35.153406
389	43.102370
390	39.382706
391	38.283659
392	41.058791
393	36.850520
394	40.224726
395	36.203029
396	35.645033
397	33.901290
398	27.813534
399	25.022499
400	29.179861
401	28.142238
402	24.218125
403	26.757121
404	30.278110
405	31.958686
406	34.602306
407	35.214390
408	34.264260
409	37.527841
410	41.383862
411	41.087784
412	41.558347
413	39.617252
414	39.112242
415	24.747803
416	25.316286
417	24.425887
418	23.039431
419	26.149060
420	26.992835
421	26.627819
422	26.576520
423	27.444260
424	25.785427
425	26.794035
426	28.542976
427	41.280615
428	38.805092
429	36.089323
430	34.418847
431	25.074321
432	24.224741
433	26.723016
434	29.377993
435	34.920415
436	38.766412
437	34.030675
438	32.135584
439	32.786672
440	35.614967
441	36.374890
442	34.600948
443	27.145391
444	23.612298
445	24.865130
446	23.141243
447	23.746562
448	24.410485
449	26.876481
450	29.911374
451	37.832375
452	41.399551
453	40.807035
454	42.412169
455	40.399591
456	40.278876
457	38.453578
458	40.198352
459	37.860731
460	35.354964
461	26.850627
462	24.195710
463	22.785508
464	22.289157
465	23.105433
466	25.534418
467	24.618419
468	23.484655
469	26.826733
470	28.409667
471	28.230995
472	35.072744
473	47.072966
474	51.124481
475	53.062598
476	46.065259
477	44.114053
478	42.848853
479	56.942535
480	51.787940
481	39.330286
482	30.072934
483	25.103152
484	23.794172
485	24.741946
486	25.178437
487	36.612280
488	36.459434
489	39.393219
490	47.837409
491	40.825473
492	39.616269
493	41.551383
494	43.303405
495	44.539645
496	49.265010
497	48.951437
498	45.854628
499	37.704673
500	33.667597
501	28.409804
502	28.074876
503	26.731323
504	26.680914
505	26.574315
506	28.391804
507	31.062830
508	28.774777
509	28.453830
510	28.687049
511	27.797951
512	27.398458
513	28.218723
514	28.407924
515	28.429757
516	28.216510
517	30.440998
518	31.523530
519	31.238248
520	30.957560
521	29.734701
522	28.980594
523	26.041667
524	26.215226
525	25.024679
526	23.856334
527	25.976584
528	30.165233
529	32.120852
530	34.187697
531	37.299485
532	35.831398
533	36.082199
534	37.415649
535	34.910742
536	37.079435
537	37.485296
538	37.915303
539	37.178656
540	34.493213
541	31.256442
542	27.838674
543	25.981583
544	25.386724
545	26.605483
546	28.214684
547	31.303466
548	35.733835
549	38.662322
550	36.573435
551	35.269878
552	32.391260
553	32.978016
554	34.551734
555	34.787051
556	35.878661
557	34.920373
558	33.560377
559	32.353411
560	29.414572
561	26.481705
562	23.279059
563	21.942619
564	21.637427
565	22.117647
566	21.857761
567	22.883735
568	22.695506
569	24.581626
570	27.644728
571	28.640077
572	28.047588
573	28.011998
574	28.180862
575	27.281695
576	25.011919
577	22.188283
578	22.453144
579	24.396668
580	25.552311
581	27.653192
582	29.735177
583	31.912178
584	31.097414
585	30.802817
586	32.992074
587	32.618510
588	32.920526
589	32.377793
590	33.750567
591	34.777825
592	34.596958
593	35.248997
594	33.224691
595	30.901877
596	28.304079
597	26.005937
598	25.474637
599	26.231405
600	28.641000
601	29.307479
602	31.959924
603	33.846448
604	33.827387
605	32.935314
606	35.182604
607	34.443291
608	34.709163
609	34.522235
610	33.862717
611	35.179445
612	35.799217
613	40.560286
614	38.374296
615	35.747902
616	31.616218
617	25.502072
618	22.975398
619	22.605692
620	21.678543
621	22.469571
622	22.606352
623	23.114387
624	23.349643
625	24.323299
626	25.603788
627	27.922946
628	29.944822
629	30.775467
630	34.400790
631	35.212165
632	35.365993
633	34.089806
634	32.749937
635	35.005525
636	35.204445
637	36.586605
638	44.899684
639	36.369556
640	36.201750
641	35.753155
642	33.359415
643	31.634224
644	31.363622
645	25.312240
646	22.412434
647	28.756641
648	20.777549
649	20.829731
650	27.510275
651	28.799549
652	28.446672
653	29.740003
654	31.045216
655	21.962466
656	32.956659
657	22.832689
658	23.523018
659	25.613287
660	29.026688
661	29.698040
662	30.506517
663	29.803714
664	28.180862
665	24.857524
666	22.445536
667	21.100522
668	20.574404
669	20.268452
670	20.512195
671	20.577860
672	20.588235
673	21.225610
674	25.058680
675	27.653192
676	30.197711
677	29.005054
678	30.432072
679	29.145255
680	26.969106
681	28.701881
682	31.249203
683	32.882330
684	34.122730
685	36.041020
686	36.560559
687	36.494093
688	35.611596
689	32.579174
690	30.970831
691	28.461563
692	24.544134
693	22.887486
694	22.702861
695	20.826094
696	20.574250
697	20.907533
698	21.198606
699	22.457836

Fluctuation between 36 and 37
Fluctuation between 39 and 40
Fluctuation between 41 and 42
Fluctuation between 42 and 43
Fluctuation between 101 and 102
Fluctuation between 110 and 111
Fluctuation between 115 and 116
Fluctuation between 120 and 121
Fluctuation between 144 and 145
Fluctuation between 154 and 155
Fluctuation between 232 and 233
Fluctuation between 414 and 415
Fluctuation between 426 and 427
Fluctuation between 472 and 473
Fluctuation between 478 and 479
Fluctuation between 480 and 481
Fluctuation between 486 and 487
___________________________________
Number of head projections	17

